00011000000000001100000100000001
01101000000000001100000100000001
00011100000110010000000100000001
00011000001000001100000100000001
00010110000110010000000100000001
01011000001000001100000100000001
bg Instruction_not_Found
01111000000000001100000100000001
01111010000000001100000100000001
01111110000110010000000100000001
01111100000110010000000100000001
cg Instruction_not_Found
01001010000000001100000100000001
01001110000110010000000100000001
01001100000110010000000100000001
clgt Instruction_not_Found
clgti Instruction_not_Found
01011010000000001100000100000001
01011110000110010000000100000001
eqv Instruction_not_Found
01000000100000000011001000000001
01000010000000000011001000000001
01000001100000000011001000000001
00011001001000001100000100000001
00001001001000001100000100000001
00001000001000001100000100000001
01011001001000001100000100000001
00000100000110010000000100000001
orx Instruction_not_Found
00001000000000001100000100000001
00001100000110010000000100000001
01101000001000001100000100000001
01001000001000001100000100000001
01000110000110010000000100000001
01000100000110010000000100000001
01010110110000000000000100000001
01010101110000000000000100000001
01010100110000000000000100000001
00001011000000001100000100000001
roti Instruction_not_Found
00001011001000001100000100000001
rotmi Instruction_not_Found
rotmai Instruction_not_Found
00001011011000001100000100000001
00001111011110010000000100000001
00001010011000001100000100000001
00011010011000001100000100000001
01010110100000000000000100000001
01001010011000001100000100000001
00111011100000001100000100000001
00111111100110010000000100000001
00111011101000001100000100000001
00111111101110010000000100000001
00111011111000001100000100000001
00111111111110010000000100000001
00110000100000000011001000000001
00111000100000001100000100000001
00100000100000000011001000000001
00101000100000001100000100000001
01011000100000001100000100000001
01011000110000001100000100000001
11100000001000001100000100000100
11110000001000001100000100000100
01011000101000001100000100000001
fceq Instruction_not_Found
fcgt Instruction_not_Found
01111000100000001100000100000001
11000000001000001100000100000100
01110100000110010000000100000001
01111000111000001100000100000001
01111001100000001100000100000001
01110101000110010000000100000001
00110010000000000000000100000000
00110000000000000000000100000000
00110001000000000011001000000001
00110011000000000011001000000001
00100001000000000011001000000001
00100000000000000011001000000001
lnop Instruction_not_Found
nop Instruction_not_Found
stop Instruction_not_Found
